1.3
0
2.35132639527795
3.2397677469229507
1.3
1.3
1.3700697286525725
0
1.3
1.3
2.1352090787689173
1.3
2.89582855420622
1.3
2.507542075564423
1.3
1.3
0
3.08239480244239
0
1.3
1.6652610010774405
2.262660216874654
1.3
1.3
1.3
1.3
1.3
2.2622130793165036
1.3040960859030992
1.3
1.3
1.3
1.3
1.3
1.3
1.3
0
1.8965909737998903
1.3
0
0
1.517061052592612
1.3
1.3
1.3
1.6511100567564831
1.6274954823213912
1.3
1.3
1.5597159769243767
0
1.3
2.0375703481242775
1.314457755830283
1.3
1.3
2.1333572710111044
3.009877237578311
1.3
1.3
1.3
1.3
1.3
1.801832773129649
1.3
1.320361937821115
0
1.541816982224379
2.6568813648606815
2.2314972012547503
1.3
1.3
2.290892288538466
1.3
1.3
1.4022939373376024
1.3
1.79345743481322
1.3
2.8634792341781323
1.6459620166240299
1.3
1.3
2.732864795838717
1.3
2.2888656137328858
1.3
2.171785637783262
3.3967623505865037
1.3
1.3
1.416774384529304
1.3
1.6403516725009055
1.3
3.849711673113135
3.0199385062705577
1.3
2.536321754734512
2.408337938037411
1.6645080861715449
2.022897551103393
2.965924094550536
1.3
1.3
0
1.3
1.3
1.3
1.5894984792611768
0
2.2446037685658125
1.4541270236210238
0
1.3
1.3
1.9243388322205133
1.4257792088299908
1.3
2.330807540489661
3.2644994743880353
1.3
2.8306059556207517
3.0052135792441277
2.668433728867383
2.266624888088859
1.3
1.3014363429163933
1.9469369424914347
0
1.3
1.3
1.3
2.7950439730451553
1.3
1.719505838643789
1.3622660657771202
1.3
0
1.4169895087754045
1.3
2.9683052334807196
1.3
1.3
1.3
0
2.8806431290657835
1.3
1.4425001134471704
1.5492694204212103
0
1.6959043781404466
1.3
1.3
1.3
0
1.3
2.5742485107683906
1.3
1.3
2.1330784497384156
1.5541576282477365
1.654393965323343
1.3
4.053042145489853
1.3
1.3
1.3
1.3493926533018303
1.6808192223310545
0
1.3
0
0
3.300832646874082
1.7226673401990404
2.3929454411299016
1.3
0
0
0
1.3
1.705052167982131
1.3
2.542319710165522
1.3
1.3
1.3
1.3173144333996925
1.3
1.3
1.3
1.3
1.3
1.545112792096414
0
0
1.8387785091778395
0
0
1.4552404080688106
0
1.3
0
1.3
0
2.2428926778893574
1.9381620114962237
1.3
1.601521398529448
1.3
1.3
2.040372265697691
1.7501154572574187
1.3
2.3124160074568585
1.3
1.3
3.74311514987106
2.602420928434211
1.3795830464855465
2.4131246891014215
1.3
2.018119625114449
0
1.4184451850623443
1.3
1.3
1.3
1.3
2.3056691482030596
2.321778000273897
1.3
2.987638486008326
4.6
0
0
2.076565388693993
3.430675366289666
1.3
0
1.4836016611962726
1.3
1.6398173210243618
1.3
0
0
1.3
2.53455513468838
1.3
1.3
0
1.7650281867256055
2.398495648098277
0
0
1.3
0
3.3958925326748224
0
0
0
0
1.3
1.3
0
1.6127158157118884
1.914452660510673
1.6972021022375623
1.3
2.3813597663249233
0
0
1.3
1.3
1.740991549207959
2.3525766294059416
1.3
1.3
1.8467054828310405
0
1.3
2.951541281978448
1.31353495272063
0
1.3
1.3
1.5357190647779921
1.3
0
3.178058740533354
1.3
2.141658509778767
0
0
0
1.5517843173211818
0
1.4725002046060247
1.3
1.3
2.273699707152278
1.3
0
1.3
1.719685026404424
0
0
1.3
0
2.0660035373990606
3.298838777791616
1.3
0
1.6074474779937509
1.3
1.3
1.3
0
1.3
0
2.131607166975674
1.6445654840596766
0
1.6596929438780204
1.9593478324029272
2.000292893985553
0
0
0
0
1.3
1.5493329137599212
1.3
1.502176525808351
1.4608362184169468
1.4473547961187745
1.3
1.3
0
0
0
2.172315471026331
1.5538070258160899
1.5154712695131505
1.3
1.3
0
0
1.3971756386793548
0
1.6633080305833183
0
1.9115466495140343
1.3525853167863529
0
1.3
1.3
0
1.3
0
1.3603945405518392
2.7470749952533433
0
1.5845579415909992
0
0
1.3
1.3
0
0
1.766893986318946
1.3
0
1.3
0
0
0
0
0
1.3
2.1654509492196325
0
1.540245133203753
2.1407534456658963
1.8710874496797314
0
0
0
1.3
0
0
0
0
0
0
0
0
1.3
0
0
0
0
2.5781659823179703
1.3
0
0
2.4480692811220943
1.3
0
2.692705220514501
0
0
0
1.3
1.3
2.541393268001131
1.4797288091035175
0
1.4490268680676253
1.9952273359337234
1.3
1.3
1.3
3.3745783405039305
1.8293479529278622
1.3
2.5395815590462614
1.3
2.0960993840777524
1.3
1.9001833404405617
1.3
2.5599044296305933
1.3
1.7829907605238853
1.9692852071638822
1.6243227675766692
1.3
2.4617533234453304
3.631632164974575
1.3
1.3
0
0
1.3
1.3
1.3
1.3145985041673118
1.3
2.066612162184521
1.3
1.3
1.3
1.3
1.3
1.3
2.331550142172683
2.008371868523923
1.7270805369137558
2.0920986217215436
2.0851893390262863
1.6182796363244063
1.3
0
2.4217861802686227
3.071014275880437
1.3
1.3
1.3
1.3
1.3
1.3
1.365126684141735
0
1.3
3.443710973289237
1.7058871477220086
1.9733455708332255
1.3
1.7717634088130774
2.0974832145354743
2.565930583432031
1.3
2.2009786005985017
1.3
3.2520540845259243
1.3
1.3
2.271868713496841
1.3
2.027927054763478
1.3
3.4562305590901943
1.3210058151345736
1.3
1.8778812485160374
1.8091983594198333
1.3
1.3
2.3569231993017286
1.3
1.3
1.4098238797970473
2.4809631527939926
1.575599290869823
2.023226531460518
1.3
1.889365765286715
1.3
1.8761615151765638
1.3
1.3
1.3
1.3
1.3
1.9448673368946228
2.371032988621958
1.5967672088317957
1.9372424944904012
1.858960869078061
1.3
1.3
1.5092890993204109
1.3
1.3
1.8301747337225773
2.203890270941436
1.3
1.3
1.3
0
0
0
2.429877134651505
2.7788123810500847
2.07236098625045
1.9226267030348239
1.3
1.3407852649555707
1.3
2.70119656828643
1.3
1.6182541451348826
1.3
1.6314361292101196
1.3327611595541051
2.4694469747239287
1.3
1.3
1.3
1.3
2.649827334070291
1.691278011068224
2.3303717132790607
1.3
1.3214242202780044
1.3
3.19908115866435
3.650532848931036
2.151148198081738
1.3117892488682095
2.4094124769424226
1.7406832125474638
3.330340479487891
2.1797038864407283
1.6141434379508923
1.3
2.5041460571416323
2.4618094495202074
2.1466559593160572
1.628744020750323
1.3
2.196390151110375
1.642610944828971
2.7291793382489917
1.3
1.9593359468038865
1.3
1.3
1.3
2.1343696779225887
0
2.482236770180566
1.620809585253416
1.3
0
1.9098074807103824
3.317589886709679
1.3
1.3
